magnitude
2.5716
15.6383
1.97403
5.07677
5.21347
3.51699
1.26338
19.6052
25.4981
34.4346
34.7523
18.2446
109.468
3.86137
18.2446
4.13216
1.37324
7.85225
11.1909
4.71905
1.21479
16.5878
7.10798
5.36803
3.44448
5.83829
5.99956
3.19678
1.21479
5.07677
5.21347
3.51699
1.26338
9.47904
3.51699
3.44448
5.40462
6.7995
10.9468
1.97403
24.1114
7.81913
4.50455
1.21479
5.07677
5.21347
3.51699
1.26338
12.7491
3.44448
6.3182
38.9219
5.21347
9.01693
1.7547
21.701
7.29786
4.50455
1.21479
5.07677
5.21347
3.51699
1.26338
12.7491
3.44448
6.3182
38.9219
5.21347
1.43566
4.55706
9.64455
6.03756
2.87132
4.55706
5.79206
9.73048
5.21347
13.9886
16.5726
3.76664
3.15845
11.2482
11.1909
28.4319
4.03689
1.49126
1.57923
24.1114
7.81913
4.50455
1.21479
4.75607
4.47636
4.00989
3.67037
2.68872
6.31691
24.1114
7.81913
4.50455
1.21479
14.1572
3.32571
6.3182
4.24344
27.367
4.43446
7.64757
114.714
2.87132
4.55706
9.64455
6.03756
2.87132
4.83367
4.11149
3.60997
3.53122
1.97403
5.07677
5.21347
3.51699
1.26338
11.2482
3.57205
33.1755
33.9975
1.26338
6.21716
4.40146
1.31602
5.07677
5.21347
3.51699
1.26338
14.1572
50.9963
101.993
9.25085
1.61017
1.7547
21.701
7.29786
4.50455
1.21479
5.07677
5.21347
3.51699
1.26338
3.91641
3.70034
4.17028
11.3728
4.53291
9.73048
3.15845
6.21716
4.40146
1.31602
7.85225
11.1909
4.71905
1.21479
6.81225
37.303
14.8627
6.7995
3.19678
1.21479
4.83367
4.11149
3.60997
3.53122
1.97403
5.07677
5.21347
3.51699
1.26338
11.2482
3.57205
33.1755
33.9975
1.26338
6.21716
4.40146
1.31602
5.07677
5.21347
3.51699
1.26338
4.55706
9.64455
5.83829
5.99956
8.1234
57.3568
1.80339
1.7547
21.701
7.29786
4.50455
1.21479
7.85225
11.1909
4.71905
1.21479
5.21426
6.88896
11.5841
3.67037
6.17806
1.57923
5.42683
3.92279
7.29786
3.15845
5.07677
5.21347
3.51699
8.1234
5.36803
1.26338
19.6052
25.4981
1.26338
7.23686
3.59507
3.44346
52.1347
8.98198
11.4711
5.26409
24.1114
7.81913
4.50455
1.21479
5.07677
5.21347
3.51699
8.1234
5.36803
1.26338
4.55706
9.64455
6.03756
2.87132
7.23686
3.59507
3.44346
52.1347
8.98198
1.87853
1.7547
21.701
7.29786
4.50455
1.21479
7.85225
11.1909
4.71905
1.21479
5.21426
6.88896
5.15146
4.51208
5.07677
5.21347
3.51699
1.26338
7.23686
3.59507
3.44346
52.1347
8.98198
1.96575
1.57923
5.07677
5.21347
3.85782
5.83829
3.15845
8.68809
9.73048
3.15845
4.55706
9.64455
6.03756
2.87132
10.3304
12.4343
111.909
4.71905
2.73122
5.26409
24.1114
7.81913
4.50455
1.21479
7.85225
11.1909
4.71905
1.21479
14.1572
17.3762
8.49297
5.48721
3.67037
50.9963
3.19678
1.21479
5.07677
5.21347
3.51699
1.26338
7.23686
3.59507
3.44346
52.1347
8.98198
3.15845
11.2482
8.74828
3.85893
3.6332
1.85791
5.07677
5.21347
3.51699
1.26338
14.1572
3.32571
6.3182
4.24344
27.367
4.43446
7.64757
114.714
1.80339
1.7547
21.701
7.29786
4.50455
1.21479
7.85225
11.1909
4.71905
1.21479
16.5878
3.21485
9.04607
108.553
4.0797
3.19678
1.21479
5.07677
5.21347
3.51699
1.26338
7.23686
3.59507
3.44346
52.1347
8.98198
3.15845
11.1707
3.21485
4.86288
2.54391
1.57923
24.1114
7.81913
4.50455
1.21479
5.07677
5.21347
3.51699
1.26338
14.1572
3.32571
6.3182
4.24344
27.367
4.43446
7.64757
114.714
2.87132
9.47904
3.51699
1.26338
16.5878
3.21485
9.04607
108.553
4.0797
3.19678
1.21479
4.81765
3.72347
3.44346
52.1347
8.98198
1.87853
1.7547
21.701
7.29786
4.50455
1.21479
5.07677
5.21347
3.51699
1.26338
12.7491
6.60565
6.7995
10.9468
3.86137
18.2446
4.13216
1.37324
24.1114
7.81913
4.50455
1.21479
5.07677
5.21347
3.51699
1.26338
6.81225
37.303
28.4319
3.90957
3.86137
18.2446
4.13216
1.37324
4.55706
7.28518
8.1234
5.36803
1.26338
5.07677
5.21347
3.51699
1.26338
11.2482
26.0643
11.3728
57.3568
58.3829
3.15845
14.1572
3.32571
4.86288
2.37288
