┌───────────────────────────────────────────────┬───────────────────────────────────────────────┬───────────────────────────────────────────────┬───────────────────────────────────────────────┬───────────────────────────────────────────────┬───────────────...
│8 2 22 97 49 49 99 40 81 49 31 73 52 70 95 23  │2 22 97 38 49 99 40 17 49 31 73 55 70 95 23 4  │22 97 38 15 99 40 17 81 31 73 55 79 95 23 4 60 │97 38 15 40 17 81 18 73 55 79 14 23 4 60 11    │38 15 40 17 81 18 57 55 79 14 29 4 60 11 42    │15 40 81 18 57 ...
├───────────────────────────────────────────────┼───────────────────────────────────────────────┼───────────────────────────────────────────────┼───────────────────────────────────────────────┼───────────────────────────────────────────────┼───────────────...
│49 49 99 40 81 49 31 73 52 70 95 23 22 31 16 71│49 99 40 17 49 31 73 55 70 95 23 4 31 16 71 51 │99 40 17 81 31 73 55 79 95 23 4 60 16 71 51 67 │40 17 81 18 73 55 79 14 23 4 60 11 71 51 67 63 │17 81 18 57 55 79 14 29 4 60 11 42 51 67 63 89 │81 18 57 60 79 ...
├───────────────────────────────────────────────┼───────────────────────────────────────────────┼───────────────────────────────────────────────┼───────────────────────────────────────────────┼───────────────────────────────────────────────┼───────────────...
│81 49 31 73 52 70 95 23 22 31 16 71 24 47 32 60│49 31 73 55 70 95 23 4 31 16 71 51 47 32 60 99 │31 73 55 79 95 23 4 60 16 71 51 67 32 60 99 3  │73 55 79 14 23 4 60 11 71 51 67 63 60 99 3 45  │55 79 14 29 4 60 11 42 51 67 63 89 99 3 45 2   │79 14 29 93 60 ...
├───────────────────────────────────────────────┼───────────────────────────────────────────────┼───────────────────────────────────────────────┼───────────────────────────────────────────────┼───────────────────────────────────────────────┼───────────────...
│52 70 95 23 22 31 16 71 24 47 32 60 32 98 81 28│70 95 23 4 31 16 71 51 47 32 60 99 98 81 28 64 │95 23 4 60 16 71 51 67 32 60 99 3 81 28 64 23  │23 4 60 11 71 51 67 63 60 99 3 45 28 64 23 67  │4 60 11 42 51 67 63 89 99 3 45 2 64 23 67 10   │60 11 42 69 67 ...
├───────────────────────────────────────────────┼───────────────────────────────────────────────┼───────────────────────────────────────────────┼───────────────────────────────────────────────┼───────────────────────────────────────────────┼───────────────...
│22 31 16 71 24 47 32 60 32 98 81 28 67 26 20 68│31 16 71 51 47 32 60 99 98 81 28 64 26 20 68 2 │16 71 51 67 32 60 99 3 81 28 64 23 20 68 2 62  │71 51 67 63 60 99 3 45 28 64 23 67 68 2 62 12  │51 67 63 89 99 3 45 2 64 23 67 10 2 62 12 20   │67 63 89 41 3 4...
├───────────────────────────────────────────────┼───────────────────────────────────────────────┼───────────────────────────────────────────────┼───────────────────────────────────────────────┼───────────────────────────────────────────────┼───────────────...
│24 47 32 60 32 98 81 28 67 26 20 68 24 55 58 5 │47 32 60 99 98 81 28 64 26 20 68 2 55 58 5 66  │32 60 99 3 81 28 64 23 20 68 2 62 58 5 66 73   │60 99 3 45 28 64 23 67 68 2 62 12 5 66 73 99   │99 3 45 2 64 23 67 10 2 62 12 20 66 73 99 26   │3 45 2 44 23 67...
├───────────────────────────────────────────────┼───────────────────────────────────────────────┼───────────────────────────────────────────────┼───────────────────────────────────────────────┼───────────────────────────────────────────────┼───────────────...
│32 98 81 28 67 26 20 68 24 55 58 5 21 36 23 9  │98 81 28 64 26 20 68 2 55 58 5 66 36 23 9 75   │81 28 64 23 20 68 2 62 58 5 66 73 23 9 75      │28 64 23 67 68 2 62 12 5 66 73 99 9 75 76      │64 23 67 10 2 62 12 20 66 73 99 26 75 76 44    │23 67 10 26 62 ...
├───────────────────────────────────────────────┼───────────────────────────────────────────────┼───────────────────────────────────────────────┼───────────────────────────────────────────────┼───────────────────────────────────────────────┼───────────────...
│67 26 20 68 24 55 58 5 21 36 23 9 78 17 53 28  │26 20 68 2 55 58 5 66 36 23 9 75 17 53 28 22   │20 68 2 62 58 5 66 73 23 9 75 53 28 22 75      │68 2 62 12 5 66 73 99 9 75 76 28 22 75 31      │2 62 12 20 66 73 99 26 75 76 44 22 75 31 67    │62 12 20 95 73 ...
├───────────────────────────────────────────────┼───────────────────────────────────────────────┼───────────────────────────────────────────────┼───────────────────────────────────────────────┼───────────────────────────────────────────────┼───────────────...
│24 55 58 5 21 36 23 9 78 17 53 28 16 39 5 42   │55 58 5 66 36 23 9 75 17 53 28 22 39 5 42 96   │58 5 66 73 23 9 75 53 28 22 75 5 42 96 35      │5 66 73 99 9 75 76 28 22 75 31 42 96 35 31     │66 73 99 26 75 76 44 22 75 31 67 96 35 31 47   │73 99 26 97 76 ...
├───────────────────────────────────────────────┼───────────────────────────────────────────────┼───────────────────────────────────────────────┼───────────────────────────────────────────────┼───────────────────────────────────────────────┼───────────────...
│21 36 23 9 78 17 53 28 16 39 5 42 86 56 48     │36 23 9 75 17 53 28 22 39 5 42 96 56 48 35     │23 9 75 53 28 22 75 5 42 96 35 48 35 71        │9 75 76 28 22 75 31 42 96 35 31 48 35 71 89    │75 76 44 22 75 31 67 96 35 31 47 35 71 89 7    │76 44 20 75 31 ...
├───────────────────────────────────────────────┼───────────────────────────────────────────────┼───────────────────────────────────────────────┼───────────────────────────────────────────────┼───────────────────────────────────────────────┼───────────────...
│78 17 53 28 16 39 5 42 86 56 48 19 80 81 68    │17 53 28 22 39 5 42 96 56 48 35 80 81 68 5     │53 28 22 75 5 42 96 35 48 35 71 81 68 5 94     │28 22 75 31 42 96 35 31 48 35 71 89 68 5 94 47 │22 75 31 67 96 35 31 47 35 71 89 7 5 94 47 69  │75 31 67 15 35 ...
├───────────────────────────────────────────────┼───────────────────────────────────────────────┼───────────────────────────────────────────────┼───────────────────────────────────────────────┼───────────────────────────────────────────────┼───────────────...
│16 39 5 42 86 56 48 19 80 81 68 4 52 8 83      │39 5 42 96 56 48 35 80 81 68 5 52 8 83 97      │5 42 96 35 48 35 71 81 68 5 94 8 83 97 35      │42 96 35 31 48 35 71 89 68 5 94 47 83 97 35 99 │96 35 31 47 35 71 89 7 5 94 47 69 97 35 99 16  │35 31 47 55 71 ...
├───────────────────────────────────────────────┼───────────────────────────────────────────────┼───────────────────────────────────────────────┼───────────────────────────────────────────────┼───────────────────────────────────────────────┼───────────────...
│86 56 48 19 80 81 68 4 52 8 83 88 36 68 87     │56 48 35 80 81 68 5 52 8 83 97 36 68 87 57     │48 35 71 81 68 5 94 8 83 97 35 68 87 57 62     │48 35 71 89 68 5 94 47 83 97 35 99 87 57 62 20 │35 71 89 7 5 94 47 69 97 35 99 16 57 62 20 72  │71 89 7 5 94 47...
├───────────────────────────────────────────────┼───────────────────────────────────────────────┼───────────────────────────────────────────────┼───────────────────────────────────────────────┼───────────────────────────────────────────────┼───────────────...
│19 80 81 68 4 52 8 83 88 36 68 87 4 42 16 73   │80 81 68 5 52 8 83 97 36 68 87 57 42 16 73 38  │81 68 5 94 8 83 97 35 68 87 57 62 16 73 38 25  │68 5 94 47 83 97 35 99 87 57 62 20 73 38 25 39 │5 94 47 69 97 35 99 16 57 62 20 72 38 25 39 11 │94 47 69 28 35 ...
├───────────────────────────────────────────────┼───────────────────────────────────────────────┼───────────────────────────────────────────────┼───────────────────────────────────────────────┼───────────────────────────────────────────────┼───────────────...
│4 52 8 83 88 36 68 87 4 42 16 73 20 69 36 41   │52 8 83 97 36 68 87 57 42 16 73 38 69 36 41 72 │8 83 97 35 68 87 57 62 16 73 38 25 36 41 72 30 │83 97 35 99 87 57 62 20 73 38 25 39 41 72 30 23│97 35 99 16 57 62 20 72 38 25 39 11 72 30 23 88│35 99 16 7 62 2...
├───────────────────────────────────────────────┼───────────────────────────────────────────────┼───────────────────────────────────────────────┼───────────────────────────────────────────────┼───────────────────────────────────────────────┼───────────────...
│88 36 68 87 4 42 16 73 20 69 36 41 20 73 35 29 │36 68 87 57 42 16 73 38 69 36 41 72 73 35 29 78│68 87 57 62 16 73 38 25 36 41 72 30 35 29 78 31│87 57 62 20 73 38 25 39 41 72 30 23 29 78 31 90│57 62 20 72 38 25 39 11 72 30 23 88 78 31 90 1 │62 20 72 3 25 3...
├───────────────────────────────────────────────┼───────────────────────────────────────────────┼───────────────────────────────────────────────┼───────────────────────────────────────────────┼───────────────────────────────────────────────┼───────────────...
│4 42 16 73 20 69 36 41 20 73 35 29 1 70 54 71  │42 16 73 38 69 36 41 72 73 35 29 78 70 54 71 83│16 73 38 25 36 41 72 30 35 29 78 31 54 71 83 51│73 38 25 39 41 72 30 23 29 78 31 90 71 83 51 54│38 25 39 11 72 30 23 88 78 31 90 1 83 51 54 69 │25 39 11 24 30 ...
├───────────────────────────────────────────────┼───────────────────────────────────────────────┼───────────────────────────────────────────────┼───────────────────────────────────────────────┼───────────────────────────────────────────────┼───────────────...
│20 69 36 41 20 73 35 29 1 70 54 71             │69 36 41 72 73 35 29 78 70 54 71 83            │36 41 72 30 35 29 78 31 54 71 83 51            │41 72 30 23 29 78 31 90 71 83 51 54            │72 30 23 88 78 31 90 1 83 51 54 69             │30 23 88 34 31 ...
├───────────────────────────────────────────────┼───────────────────────────────────────────────┼───────────────────────────────────────────────┼───────────────────────────────────────────────┼───────────────────────────────────────────────┼───────────────...
│20 73 35 29 1 70 54 71                         │73 35 29 78 70 54 71 83                        │35 29 78 31 54 71 83 51                        │29 78 31 90 71 83 51 54                        │78 31 90 1 83 51 54 69                         │31 90 1 74 51 5...
├───────────────────────────────────────────────┼───────────────────────────────────────────────┼───────────────────────────────────────────────┼───────────────────────────────────────────────┼───────────────────────────────────────────────┼───────────────...
│1 70 54 71                                     │70 54 71 83                                    │54 71 83 51                                    │71 83 51 54                                    │83 51 54 69                                    │51 54 69 16    ...
└───────────────────────────────────────────────┴───────────────────────────────────────────────┴───────────────────────────────────────────────┴───────────────────────────────────────────────┴───────────────────────────────────────────────┴───────────────...
