0.125489887710
   1   0.208642795644   0.006112214046  -0.054964014788
   2   0.020884945617  -0.037976470974  -0.215569199252
   3   0.077435281957  -0.207251297822  -0.039106908306
   4  -0.093402777278  -0.152281069624   0.136345305127
   5   0.142641330152  -0.075310655919   0.173081968447
   6  -0.177573522770  -0.138892644343  -0.099720116614
   7   0.060011050852   0.200543082112  -0.136988197272
   8   0.138844947656   0.185791989187   0.105766463005
   9  -0.049235098274   0.071970809703   0.240033098154
  10  -0.102384598350   0.229653312356   0.052144283507
  11  -0.176955591443   0.106297299704  -0.153314492898
  12  -0.254655845981   0.029291409543   0.072943961977
  13   0.260627719567  -0.064635768253  -0.303437851133
  14   0.293609977159   0.171116936484  -0.223916278190
  15   0.123883765918  -0.273799041018  -0.280142698482
  16  -0.226199132205  -0.343754846728   0.036873718573
  17   0.056324777115   0.143262714014  -0.385531618152
  18   0.245970246306  -0.313075857087   0.117813478789
  19   0.374225247930   0.179664794788   0.018879068051
  20  -0.157461470408   0.011786456719  -0.385000762396
  21  -0.118437635368  -0.229557272877  -0.328245215056
  22   0.323898895327  -0.232289647866  -0.127711408504
  23   0.014314464165  -0.407636205123   0.098197494235
  24   0.338537968876   0.066562653867   0.240069419340
  25  -0.122867340292  -0.120386117566   0.383540368245
  26   0.085423611105  -0.279235514892   0.307735717708
  27   0.400666712966  -0.118625386543   0.082474189345
  28  -0.323915504842  -0.152024912827   0.235615967890
  29  -0.066105013100  -0.397145426846  -0.148895403330
  30  -0.109883814219   0.305511859990  -0.290448672957
  31  -0.358922936051  -0.040681442268  -0.244286920451
  32   0.224824263400   0.371212018695  -0.044207019998
  33  -0.407287324065  -0.160539067896  -0.000958537484
  34  -0.017305001058   0.432688273087  -0.068392493104
  35   0.108436982366  -0.031622996333   0.423668491783
  36   0.162493362745   0.203647347143   0.354990832452
  37  -0.157054603293   0.293329437392   0.288676288382
  38  -0.283951060025   0.077589738566   0.328733112855
  39  -0.272020219454   0.333501282499  -0.100924991071
  40   0.037111511635   0.404535376729   0.174994246969
  41  -0.345267954707   0.257099294382   0.126645554392
  42  -0.424614249170   0.135549470955  -0.078099784139
  43   0.443956763462  -0.011678162237  -0.140413922522
  44   0.063748349300  -0.097635873440  -0.455557390613
  45  -0.152894707321  -0.351603045298   0.276781439878
  46   0.175926314293  -0.431889385577  -0.092286732949
  47   0.307538820997  -0.160719381199   0.341916250597
  48  -0.344712964007  -0.289102825286  -0.211488432314
  49  -0.053742951054   0.160455935612   0.474854113879
  50   0.120066771712   0.405123260451  -0.276623167584
  51   0.283105911004   0.365275523087   0.205592728000
  52  -0.347951961365   0.209350007316  -0.305404034279
  53  -0.197529388311   0.458757026508   0.104322410725
  54  -0.482021685569   0.052669263635   0.176621821702
  55   0.112267041475  -0.521346441036  -0.324790190770
  56  -0.393889186414   0.314997456056   0.368868088932
  57  -0.132139770808  -0.192773805955  -0.580327041840
  58  -0.599697936607  -0.013636742633  -0.178499105546
  59   0.574841262124   0.142633130076   0.203125083914
  60   0.010597985399  -0.201155192381   0.593505494158
  61   0.362224220012   0.383394053459  -0.338900446480
  62   0.432008321056   0.255966816583   0.375643030634
  63  -0.145859773759  -0.600722687384   0.105455010608
  64  -0.445260483989  -0.440430335866  -0.038338126403
  65  -0.367711644504  -0.113077683344   0.498751228941
  66   0.244353213389  -0.470700662392   0.340497379469
  67  -0.523520536360  -0.311594355993   0.162329514644
  68   0.365799315913   0.176525955129  -0.482242562463
  69   0.168787352534   0.329355946544  -0.510880433892
  70  -0.278391692952   0.165289313648  -0.542492355379
  71  -0.162823680511  -0.020506842599   0.610296777148
  72  -0.207917559934   0.540983060594  -0.252739639350
  73   0.452990804923  -0.351463569189   0.268083853980
  74  -0.347321309252  -0.075338812844  -0.524116817069
  75  -0.350189072475  -0.489329061264   0.199432909161
  76   0.570346794277  -0.225776282844  -0.174741790699
  77   0.513844783972   0.000879833436  -0.381139511117
  78  -0.314492085201  -0.315553954700  -0.459234035519
  79  -0.200427634316  -0.315804937560   0.520605072867
  80   0.334026437578  -0.064794555044  -0.543445039883
  81   0.442798772365  -0.239144070015  -0.399355923415
  82   0.570321877813  -0.129600315194   0.267102257775
  83  -0.078652409564   0.045911417779  -0.636534815576
  84   0.126485536201  -0.628172973094   0.056101980918
  85  -0.001829870789   0.501786742659   0.403065701189
  86   0.514645277895   0.371172096098   0.108920086180
  87  -0.009431150931  -0.399101522246  -0.507099207182
  88   0.234547411833  -0.341492268851  -0.494996211483
  89   0.463417633241  -0.442458576769  -0.078819058403
  90   0.643337802420  -0.039443212802   0.044546154034
  91   0.618061689793   0.196135451606  -0.038246712063
  92   0.352898097943  -0.453146740577  -0.303901361445
  93   0.165055329566   0.103827852836  -0.620944045607
  94   0.474536790841   0.018686989252   0.445503323143
  95  -0.537775013657   0.366533785831  -0.025914696696
  96  -0.643352057563  -0.095879556296   0.054570165262
  97  -0.137400407930  -0.539396460522  -0.342989343896
  98   0.029850277131  -0.588247570371   0.284265160665
  99   0.229156718273  -0.307037559055   0.530166308956
 100  -0.411506712163  -0.332940430070   0.385909692612
 101   0.548470560934   0.226791365559  -0.277428938397
 102   0.354740999031  -0.539122436657   0.125732751893
 103  -0.261401377817  -0.591992840059  -0.117176467776
 104   0.589503632340  -0.283380030342   0.068785767290
 105  -0.585409151544  -0.262056939294  -0.145725881981
 106   0.020406331788  -0.440160540849   0.489027573789
 107   0.234280005534   0.427109331880   0.443885528385
 108  -0.555050141353  -0.129906340660   0.332582845783
 109  -0.066812369579   0.292050744464  -0.588931317992
 110  -0.017865596724  -0.643888521043  -0.148609082892
 111   0.263178054830   0.583290633548  -0.172824652830
 112   0.291271567807  -0.071662257130   0.591248715436
 113   0.341174173979   0.564920669653   0.065019828911
 114   0.291666471258   0.178300350501   0.568679122886
 115  -0.514398667427  -0.189217910756  -0.375166145966
 116  -0.276491573204   0.399693009691  -0.452814350848
 117  -0.522671731083   0.059745972325  -0.405815599620
 118   0.088060784432   0.060526468729   0.656228450324
 119  -0.318823816718   0.169471745253   0.559671276349
 120   0.472322921976   0.453255019001  -0.124450990921
 121  -0.046142260994   0.498497173835  -0.439861390488
 122  -0.127887951110   0.655513881780  -0.035060722396
 123   0.184196634423   0.589607425495   0.259286305256
 124  -0.244531203303   0.522324928217   0.342525683015
 125  -0.360669704667   0.563749177705  -0.054903005074
 126  -0.174589535110   0.372953891512   0.531701009404
 127  -0.516351767374   0.102043274016   0.420290654860
 128  -0.437484030387   0.440237575375  -0.264589977841
 129   0.024694659675   0.633155115119  -0.233074560573
 130  -0.437969269306   0.486095260588   0.170896671926
 131   0.114071149604   0.666124460049   0.030772831972
 132  -0.660279488951   0.149971889120   0.007016232470
 133  -0.587479570912   0.240856472315  -0.237398780082
 134  -0.582067036278   0.280921820708   0.206329491773
 135  -0.065954811815   0.647126474494   0.208576199427
 136   0.067727700313   0.331893471607   0.612130840890
 137   0.687635001013  -0.005279298149  -0.200170250662
 138  -0.385775262592  -0.511726012786  -0.319856562743
 139   0.150421417204  -0.167071300535  -0.680629264543
 140  -0.199825340457  -0.573443651977   0.384369118408
 141   0.314741961713  -0.636248040193  -0.136542851003
 142   0.474050377228  -0.260454297131   0.501031604525
 143   0.459022533780   0.499977235437   0.323489454805
 144   0.241197467229   0.574078424773  -0.448366620788
 145  -0.554056437583  -0.452617621864  -0.502737425954
 146   0.168119252372  -0.741227324364   0.432519725296
 147   0.807640255092   0.327482132103   0.072337375074
 148  -0.342353038216  -0.579236973685  -0.558611533509
 149   0.829065708201  -0.216334359953   0.174978362476
 150  -0.230379704915   0.660301366913  -0.525066884228
 151  -0.614152819222  -0.009956946302   0.622483020137
 152   0.549811509742  -0.511491942125  -0.448164292858
 153   0.273273659046   0.253117961338  -0.791214725227
 154   0.144578853555  -0.720509451745  -0.474058036054
 155   0.018290183190  -0.872761102131  -0.052167655717
 156  -0.210373051320  -0.835692452556  -0.148759001462
 157   0.111902577734  -0.841723442087   0.209158783306
 158  -0.722045736582   0.462938127920  -0.170605335490
 159  -0.410538781538   0.158321182947  -0.755751446165
 160  -0.114645679135   0.388780074656   0.774902805714
 161  -0.647164998955   0.500586089156   0.308802474031
 162   0.177835918919   0.553671199294   0.653138978711
 163  -0.047466651273  -0.671767628870   0.557891661809
 164  -0.319695488981   0.809551078251  -0.084792585318
 165  -0.761326583290   0.047963406602   0.427608795162
 166   0.398368118635  -0.641119120117   0.441629994875
 167   0.487154620573  -0.354623232737  -0.633790718577
 168   0.350707647829  -0.767374160094   0.230019522371
 169  -0.190399353495   0.278166556170  -0.806932084945
 170   0.672037792389  -0.559575094731  -0.002975811586
 171  -0.355940382788   0.367615685423   0.709177755029
 172  -0.650382692016   0.419493008781  -0.407180434215
 173   0.657290233108  -0.102423893409   0.567667888837
 174  -0.817835152178   0.200244670831   0.236253406668
 175  -0.698849155721   0.291432584713   0.437544103619
 176  -0.467209244823   0.732050160786   0.102888386812
 177   0.724490773345  -0.441439735792   0.212160353267
 178   0.587282730294  -0.475896167212   0.439761036505
 179   0.224490127375   0.008004015796  -0.845167471534
 180   0.486348236412  -0.726437143336   0.022856207428
 181  -0.090420641500  -0.674499978455  -0.549219285123
 182  -0.719515965508  -0.468305646891   0.166596917635
 183   0.783124756117   0.173209099281  -0.348542910958
 184   0.087851118322   0.720156786790   0.488287128590
 185   0.866597262971  -0.107105026903  -0.048017012816
 186   0.341311616882  -0.558882258949  -0.579590318510
 187   0.179786572973  -0.822210650071  -0.237517097459
 188   0.259457185640  -0.835111327150   0.006243122767
 189  -0.093946579753  -0.797710220915   0.345832878855
 190  -0.638810331556  -0.246994331665   0.543767502633
 191  -0.831068952748  -0.215148768946  -0.166743334188
 192   0.693643458649   0.532271540629  -0.017711459746
 193   0.491193569980   0.002986836562   0.723524631312
 194  -0.262866579849   0.801431649046   0.231033351709
 195   0.857697890789   0.143988375806  -0.091594826633
 196  -0.554684991060   0.649029043737  -0.189350990427
 197   0.800192446944  -0.349125709496  -0.050707231433
 198   0.386216450067  -0.167104888000  -0.766603382852
 199  -0.873790452132   0.022599889412  -0.027339115913
 200  -0.826923032366   0.235158631131  -0.160208155985
 201   0.306764264658   0.818183478365  -0.035205371120
 202   0.445879656118   0.076003592378  -0.748453554138
 203  -0.245590920726  -0.100695125603   0.833254779664
 204  -0.575086244990   0.269777436962  -0.601052312055
 205  -0.548857538299  -0.637525201899   0.238924582438
 206  -0.049238604458  -0.804760679240  -0.338679414015
 207   0.397935250000  -0.243720635146   0.739605114442
 208   0.478639274366   0.523198012135  -0.511797051213
 209   0.423835922610   0.471627866760   0.602244304662
 210   0.076464685950   0.594703723153  -0.636591368122
 211   0.293360187001   0.474027503774  -0.673799423304
 212   0.623624765476   0.380481978030   0.480721907943
 213   0.514122679273   0.245583805444   0.663426259397
 214  -0.752988246912  -0.437426482390  -0.080216638004
 215   0.074767473731   0.863032314782  -0.119803944051
 216  -0.727822991012  -0.099897790550  -0.474407063285
 217   0.804572639112  -0.217815258811  -0.264551163140
 218   0.185705999592  -0.374638567090   0.768067159994
 219   0.282170027614   0.101488174700   0.821491425646
 220  -0.655438720922   0.577366849726   0.042609159235
 221  -0.069389612458   0.594151454423   0.637916191507
 222   0.021744522883   0.155157751233  -0.860361077951
 223   0.690206062679   0.141393565687   0.518065041400
 224  -0.001146491007  -0.099318124170  -0.868851271661
 225   0.062856325596   0.389498295084  -0.780453776310
 226   0.104813460864   0.827685130994   0.262143851444
 227  -0.830303469913   0.011625023047  -0.274278951411
 228  -0.038551745078  -0.480566458801   0.729614677843
 229   0.774522127977   0.362180743407  -0.183598798678
 230  -0.069199045399   0.867542401405   0.085729868637
 231  -0.724674794564  -0.325880641774  -0.365261804651
 232  -0.792151119543   0.367037096350   0.050480790475
 233  -0.214188693293   0.031597063680  -0.847285527865
 234  -0.461120519910   0.567583734593  -0.479566999324
 235  -0.200333691340   0.160905831545   0.835908883782
 236   0.330896764638   0.661363599316   0.466769169021
 237  -0.420808573294   0.065050643648   0.763843239742
 238   0.677789122688  -0.296364786073  -0.466409428763
 239   0.022198171772  -0.344396290192  -0.803533678802
 240  -0.005585816138   0.746966961753  -0.454727493346
 241   0.704341068593  -0.447883071512  -0.260906783820
 242   0.519581571154   0.697488624528  -0.091173165280
 243   0.203330897975   0.787381636941  -0.321643654117
 244   0.066604593093   0.228459317027   0.841509420707
 245  -0.398211364854  -0.777650449491   0.038150017101
 246   0.558856564496  -0.627645541929   0.241884994395
 247  -0.016836201057  -0.005957917876   0.874327731486
 248  -0.571045532988  -0.229761985377  -0.621195915817
 249  -0.590447241057   0.023095659405  -0.644675563785
 250   0.196732437583  -0.133647982572   0.841547682104
 251   0.592943816504  -0.126247106748  -0.630275523089
 252  -0.356996283453   0.731247940461  -0.320309287516
 253   0.344658398229   0.776001479957   0.209285040392
 254   0.792528671349  -0.032066928653   0.368290583201
 255   0.373085815958  -0.697550804507  -0.372824067839
 256   0.102258171796  -0.560919494008  -0.663084100276
 257  -0.147541534606   0.501615573620  -0.700985911673
 258  -0.462360074401  -0.408478473024   0.619787411273
 259  -0.527987588202   0.458038763096   0.525544988277
 260   0.176462258075  -0.582598468131   0.627859883178
 261   0.481739572768   0.308649318076  -0.661385302965
 262   0.635347165149   0.117818807138  -0.589254312600
 263  -0.332911944113  -0.758735296387   0.279746892711
 264   0.648533229818   0.341808378559  -0.476801445746
 265  -0.256602908244  -0.551967384130   0.627897197664
 266  -0.554561935548   0.233545741963   0.634574962119
 267  -0.169815551917  -0.850457715442   0.112482394488
 268  -0.023461541592  -0.253980251281   0.836487611697
 269  -0.374597108027   0.396063902167  -0.683796993672
 270   0.262033024175  -0.383685684435  -0.740872408920
 271  -0.157182551051  -0.490726512640  -0.706575595343
 272  -0.456938637881  -0.180029224426   0.723577567411
 273  -0.289271810070  -0.738097560502  -0.369190665614
 274  -0.437298789113  -0.601026588392   0.460765391043
 275  -0.770031283424  -0.259105232791   0.323549435768
 276   0.860928426832   0.055365279396   0.143195203159
 277   0.729131247702  -0.273056796915   0.398215451458
 278  -0.456065136308   0.656918090204   0.353880136069
 279  -0.631217941756  -0.453308698559   0.401052453319
 280   0.749381250249  -0.054998242674  -0.447404594941
 281  -0.847058390010  -0.047851325732   0.212061950939
 282   0.399163715591  -0.466991976862   0.622378307944
 283  -0.159762555413   0.733004480241   0.449386575602
 284  -0.608397535589  -0.628170503211  -0.004711059465
 285   0.432929800623   0.686128835868  -0.326445929398
 286   0.272702663053   0.343716522955   0.756478780872
 287  -0.134494064560   0.826126906597  -0.253364593604
 288  -0.467504252837  -0.713068924053  -0.194268936337
 289  -0.409961690204  -0.102550115341  -0.765625772101
 290   0.554999726288  -0.642756086821  -0.208824934267
 291  -0.377952553502  -0.371867728303  -0.695438132723
 292  -0.204312465780  -0.237095509288  -0.816584393862
 293   0.626049184492   0.526815113829  -0.308700811361
 294   0.557786916767   0.655837228592   0.153359778213
 295   0.786104676341   0.232313958424   0.304692630454
 296  -0.738453182906   0.185595804043  -0.430126761170
 297  -0.630899804044  -0.540051257069  -0.274003674233
 298  -0.830896930354  -0.260705755217   0.080067077019
 299  -0.313245918509   0.577051318746   0.577630250739
 300  -0.247429048776  -0.342406770088   0.765705169185
 301   0.697456808000   0.461810242857   0.255055360783
