0.111862604876
   1   0.002457548960  -0.102410011093   0.079707957555
   2   0.033605969404   0.116916152475   0.048422507951
   3  -0.102253060048   0.002679135541  -0.087758245303
   4   0.118865867937  -0.030058992471  -0.097117953601
   5  -0.202958361277   0.126599378771   0.068942696305
   6   0.034236238412  -0.237157101882  -0.096037044933
   7  -0.231898899038  -0.087158174394   0.128298599277
   8   0.254849010653   0.007531971278   0.115634004403
   9   0.056484057015   0.213385998159  -0.177029254678
  10   0.231033925439   0.157382571487  -0.048775876115
  11   0.220099154006  -0.191660421193   0.019885334838
  12   0.100925641661   0.066133286060   0.267048838097
  13  -0.122385021768   0.052825493039   0.264181832297
  14  -0.026383460433   0.041977847135  -0.294524743072
  15  -0.113409737956  -0.157906772554  -0.244270038704
  16  -0.147636632401  -0.273347808633   0.037269702756
  17  -0.276487935795  -0.137639567483  -0.085341815367
  18   0.159665359769  -0.157596793307   0.232790025117
  19  -0.065192890106   0.256838675509   0.192344161589
  20  -0.119687340372   0.307056948946  -0.033789829813
  21  -0.057254238984  -0.159935229883   0.287501896500
  22   0.058830137667  -0.316518974673   0.111839755452
  23   0.108308375706  -0.139736010722  -0.291829176965
  24   0.098610870973   0.327631860222   0.010657143406
  25  -0.308957433586   0.080372527156  -0.123674931374
  26  -0.160653543389   0.209184549925  -0.230756154851
  27   0.211715673929   0.080454282968  -0.268052733437
  28   0.222824969049   0.223431561634   0.164819801309
  29   0.341403065246  -0.050906465492  -0.106892827567
  30  -0.276847607786   0.054859807310  -0.343609079909
  31  -0.397247667181   0.111531019238   0.178840738285
  32   0.097185731108   0.269324836727   0.360601904776
  33   0.009185203165  -0.383038580075  -0.263798808848
  34   0.382412407853  -0.125471452695   0.242482884512
  35  -0.129378043333  -0.369991284732   0.260528202911
  36   0.231506643382  -0.412055288689  -0.016842597939
  37  -0.475487347645  -0.012769974398   0.010078228050
  38   0.061452557768   0.437021996255  -0.180931027881
  39  -0.326201349953  -0.161235064384  -0.313274544468
  40   0.375053136395   0.220942587349  -0.207746190129
  41   0.080237934927  -0.341080151383   0.333179820270
  42   0.229577387392  -0.353896675178  -0.238679016069
  43  -0.115047056402  -0.042172698849   0.469017028789
  44   0.434358754285   0.125745813563   0.177720306534
  45  -0.272165033157   0.276748806479   0.292710118902
  46  -0.284791121322  -0.146235599242   0.366983531031
  47  -0.162496575480  -0.439726684168  -0.132023260227
  48   0.388105469864  -0.276343191073  -0.101175293757
  49   0.053675133429  -0.042311617714  -0.485676193872
  50   0.263783038557  -0.039597342313   0.411615020385
  51   0.201851650582   0.322420547431  -0.312108663713
  52   0.063394711018   0.438148570600   0.217739441823
  53   0.478569222301   0.113188794365  -0.041233399224
  54   0.271389546606   0.398858336076  -0.113678033612
  55  -0.011551891189   0.319039364177  -0.379194172119
  56   0.081572060485  -0.158835473535   0.462941397726
  57  -0.030375829087  -0.243045330608  -0.433768760043
  58  -0.439238047596  -0.105967672520   0.210211050919
  59  -0.311136002730   0.075415003696   0.382146872342
  60   0.395217947548   0.301861330086   0.045416521378
  61  -0.340481178615   0.354288383621   0.094282581184
  62   0.081170383264   0.063261424686   0.489881626655
  63  -0.333565800896   0.340330874928  -0.153554663487
  64  -0.440888402134  -0.237291414803   0.029091420504
  65   0.494098895387  -0.089600672558   0.051977280622
  66   0.257411234487  -0.384548543594   0.203668854400
  67  -0.340110351470  -0.306256774904   0.220744084936
  68  -0.462567350193   0.209987644920  -0.025405484212
  69  -0.107331136780   0.142295405518  -0.477382148317
  70  -0.122973582466   0.181265680751   0.460928136086
  71   0.300890164275   0.177766159321   0.373811067454
  72  -0.354056644461  -0.330040301992  -0.169115452480
  73  -0.109151795985  -0.497104382658   0.077536048072
  74   0.366826299253  -0.190903595834  -0.306862311363
  75  -0.158220570998   0.459271941887   0.171860198843
  76  -0.200790773383  -0.345621796236  -0.331349108910
  77  -0.152229530810   0.432157906990  -0.247031520582
  78  -0.014084896185   0.520893724402   0.012233657678
  79   0.043800012276  -0.512941245872  -0.084969052130
  80   0.429539966641   0.023827515928  -0.298464454151
  81   0.273673016642  -0.041606867900  -0.445014120783
  82  -0.479957969839  -0.033634265829  -0.212627102732
  83   0.120189351153   0.171285675036  -0.483434576426
  84  -0.314698175117  -0.422021979199   0.030992646875
  85  -0.186976595895  -0.092152643316  -0.486309850970
  86   0.251544095355   0.464569442637   0.099609360248
  87  -0.093831271443   0.385089456956   0.373409204188
  88   0.443610755963  -0.298415857621   0.114428347412
  89   0.281750349417  -0.261438324744   0.388883462295
  90  -0.231757953817   0.500682245222  -0.035336349354
  91  -0.454791610337   0.183986510024  -0.258023377305
  92  -0.127267870273  -0.265545457980   0.471886116631
  93   0.198659662186  -0.274757877898  -0.445643057660
  94   0.100289125806  -0.533495092364   0.147272595200
  95  -0.290669967523   0.270319259924  -0.402253228199
  96   0.335749067202   0.182959163655  -0.424691849565
  97   0.359918727840   0.366347449686   0.268903035892
  98   0.538652123881  -0.129460809529  -0.177426460531
  99   0.473409238462   0.030055617327   0.376142622588
 100   0.181014821974   0.597812622644  -0.065692926659
 101   0.405211305938  -0.487743495130  -0.202752355725
 102   0.180538454201  -0.500356103512  -0.401224874413
 103  -0.570641635858   0.229644962669   0.256536281733
 104   0.480021757670   0.418462471613  -0.203223652525
 105   0.562536408287   0.308407324163   0.193789875239
 106   0.084570375939   0.508017366096   0.429217365280
 107  -0.250392460921  -0.447985536435   0.431774741316
 108  -0.426143796259  -0.038086639830  -0.517962086799
 109  -0.591215756316   0.016100622026   0.320006665574
 110  -0.658260295674  -0.071073653548   0.125176881149
 111  -0.353548611129  -0.273874854423  -0.504631212720
 112  -0.109861711831   0.018067352009  -0.665077344561
 113  -0.441807371418   0.263174431131   0.437934713519
 114  -0.598389731567  -0.253302435685  -0.185115537810
 115   0.145885021398   0.512870147344  -0.415305833196
 116  -0.032320743676  -0.467464855285   0.488213076590
 117  -0.659275634074   0.141866963210   0.056560321186
 118   0.252845516416   0.221249727366   0.587946213099
 119   0.248351271444   0.001741594917   0.630945643671
 120  -0.294898297615   0.124451257599  -0.598018444844
 121  -0.456688510662   0.421445448247   0.273276307689
 122   0.046945466465  -0.086661451159   0.671854965881
 123  -0.525789350771  -0.425515566742  -0.062132645999
 124   0.066573996298   0.344994375171   0.581377163611
 125   0.091769796844   0.653177531599   0.162872603800
 126  -0.039998735967  -0.526695514420  -0.428105214155
 127  -0.670222153645  -0.060177070321  -0.097962420424
 128  -0.304968698498   0.159786553529   0.589261274101
 129   0.614653307699   0.242421806759  -0.172613204422
 130   0.135099974967  -0.189224827682  -0.642359180436
 131   0.682164569752  -0.013036861652  -0.051320902685
 132   0.219897608643  -0.612760820860  -0.211833729007
 133  -0.272409519118   0.518579063287   0.354880741289
 134   0.380214181556  -0.399604797981  -0.406859394595
 135   0.433089873164  -0.147469075338   0.511012501046
 136  -0.339526856760   0.552427467401  -0.224494572940
 137  -0.136676092861   0.651496723507  -0.170493303800
 138   0.281415677826   0.411358163613   0.473510651217
 139  -0.455020539244   0.515008966479  -0.036574285121
 140   0.242758637279  -0.220442721920   0.605336636012
 141  -0.528961124134  -0.410301100439   0.161052096641
 142   0.183831160428  -0.417064639912   0.516340325325
 143   0.258737347701   0.563417991129   0.300184012336
 144  -0.348770531531   0.574645748201   0.151061957661
 145  -0.262331709691   0.368311111962   0.520322422978
 146  -0.576763363715   0.369556769428   0.082065137253
 147   0.313523882254   0.551051978875  -0.272154411441
 148  -0.204720881794  -0.591215336097  -0.291149831773
 149  -0.164441274860  -0.385061798749  -0.548549867742
 150  -0.072403920368   0.613325036784   0.309541410001
 151  -0.460630735090   0.396053835959  -0.329060855945
 152  -0.138625186092   0.038219539315   0.676463719103
 153   0.581934830972  -0.161631991156   0.337014295215
 154   0.547108885609  -0.421739023055  -0.040918051020
 155  -0.503861105606  -0.154455143280   0.448947824511
 156  -0.119822473435  -0.597482972605   0.328551854197
 157  -0.087704089274  -0.204366668137  -0.655851515445
 158  -0.366351547762  -0.529110275610   0.258496824802
 159   0.373560962228  -0.584376877239  -0.003470608734
 160  -0.262910634210  -0.638214288605  -0.071544806759
 161  -0.550423860232  -0.170581172928  -0.387376352981
 162  -0.656639184919   0.152225341374  -0.166909414161
 163  -0.327352791592  -0.061897241840   0.609465648035
 164   0.232824740541   0.356174542212  -0.549249635018
 165  -0.339619507593  -0.274761353282   0.541706019812
 166   0.647704575203   0.093341934950   0.236767057724
 167   0.547214537620  -0.330644587921  -0.274918726179
 168   0.510944357816   0.248942905778   0.403206237430
 169  -0.005988694352   0.216202217551  -0.662639973999
 170   0.407504483490  -0.212112552618  -0.525833622173
 171   0.058933478539  -0.389351392354  -0.577544117271
 172   0.112267147111   0.028229184383  -0.689744664368
 173  -0.581172261816   0.361769986831  -0.143280559821
 174   0.070937432295   0.648335680313  -0.253797574139
 175   0.109988840617  -0.587515281839   0.364161285870
 176  -0.152237136758   0.674340204695   0.109649498399
 177  -0.478022403285   0.176275407863  -0.480405567782
 178  -0.183927092227   0.330383913408  -0.589472793026
 179   0.672546409670   0.192058214141   0.037541183497
 180   0.480852298038  -0.359718045725   0.361452093796
 181  -0.071077979731   0.566710024934  -0.406289558976
 182   0.166727817342  -0.682350833420  -0.005961989996
 183   0.404839901382   0.400217860679  -0.413146953127
 184   0.028628607968  -0.306424111045   0.633718430234
 185   0.567998651466  -0.120286942390  -0.399028786690
 186   0.651334447354   0.042393713549  -0.265866758773
 187   0.004329215335  -0.659213043430  -0.249588573775
 188   0.467526528697   0.510376332441   0.135751950258
 189   0.467334458257   0.034112789747  -0.527565613538
 190   0.555380905053   0.203778781561  -0.387525079579
 191   0.403999244018   0.579786599210  -0.068138224919
 192  -0.613247823729  -0.234645121170   0.271023450625
 193   0.591249616059   0.394866993046  -0.010546237170
 194  -0.053486929376  -0.708293582030  -0.035717806252
 195  -0.408365519957  -0.542754693783  -0.212197966864
 196   0.670846540855  -0.235588627192  -0.031431625288
 197  -0.283159605788   0.491881612168  -0.432364488778
 198   0.020286037394   0.420748928644  -0.575903298186
 199  -0.490331720122   0.058848290639   0.515065675999
 200   0.322218238396  -0.517137252899   0.371815385402
 201   0.057478936043   0.143884474433   0.697225805875
 202   0.467236198988  -0.509294253321   0.185316358724
 203  -0.501000865933  -0.383344053809  -0.338925667141
 204  -0.476704187926  -0.369189295148   0.386377992143
 205  -0.660793300778  -0.277348554230   0.038590400032
 206   0.693918364350  -0.108014536611   0.150901892891
 207  -0.153899739154  -0.184970428293   0.678891859618
 208   0.286777274396   0.159743575880  -0.641753521612
 209  -0.619564572688   0.041519646223  -0.370471505302
 210  -0.231638708860  -0.670175417767   0.148924719859
 211  -0.125634850209   0.268773709431   0.666812161812
 212   0.287383206755  -0.647253373057   0.193183682381
 213   0.317078977069  -0.060836510151  -0.663644203198
 214  -0.332673914464  -0.487874077427  -0.442812533733
 215   0.012058391095   0.739502062510  -0.027514204134
 216   0.443037632050   0.103466634141   0.585286968945
 217  -0.008612995630  -0.725675189658   0.182770589927
 218  -0.440376972944  -0.604741930009   0.060509232576
 219  -0.299320080621  -0.134364619547  -0.675122085692
 220   0.640572055084  -0.353858716744   0.204901025605
 221   0.302529788456   0.690448249658   0.097725930904
 222  -0.103908317200   0.523707949517   0.548727018878
 223  -0.311474827391   0.709563787311  -0.043502800272
 224   0.022129843280   0.322586599016   0.827166966998
 225   0.555184293686  -0.300137759391   0.624860100775
 226   0.230044402983   0.388767888114   0.764673707170
 227   0.402434037910   0.026231495350   0.791294374049
 228   0.686321927452  -0.341911584752   0.448159249295
 229  -0.672836336878   0.183466710195   0.549926597505
 230   0.187759505437   0.519236957207  -0.695648893484
 231  -0.166425132266   0.872380617895   0.006539532819
 232   0.423238282316   0.441705490039   0.643858407624
 233   0.550113933446  -0.633768320679  -0.290689539802
 234  -0.478438453640  -0.457989998101   0.591717703246
 235   0.178535805249  -0.839566238347   0.228126128029
 236   0.093948453732  -0.674095757763   0.570575700521
 237   0.879094324855   0.125315876834  -0.016647271197
 238  -0.173968653314   0.313965084313  -0.812372369123
 239  -0.233702405279  -0.328006355004  -0.791569990248
 240   0.411753979874   0.610483210699   0.496545005141
 241   0.760219086797   0.130815275218  -0.440161716256
 242  -0.002364877944  -0.736330113547  -0.496588767346
 243  -0.661970246453  -0.300391026067   0.510243723026
 244  -0.793248622082   0.080650693186   0.391203427734
 245   0.213495042043  -0.152063334547  -0.848578011692
 246  -0.348824642754  -0.768054841998  -0.277850968880
 247   0.634970034691   0.535580709631  -0.314252113968
 248  -0.529460639643   0.668356078251   0.248514821191
 249  -0.120021253668   0.784857545074  -0.397971814612
 250  -0.123341774867  -0.704360938744   0.526735709025
 251  -0.136539027697  -0.609625263194  -0.631270278889
 252   0.625314433298  -0.529509340752   0.342621876392
 253  -0.156707529593   0.730189984882   0.480680110640
 254   0.154051238578   0.851927062127  -0.198183070231
 255   0.224328328306   0.150016951175   0.846144046896
 256   0.081844463233   0.181704056458  -0.865490122602
 257   0.706549581719  -0.483074312725  -0.237096878039
 258  -0.518007902325  -0.254211487051   0.675153586673
 259   0.137026201055  -0.508735640370   0.714982448078
 260  -0.322710264834  -0.490603326281  -0.666299102379
 261  -0.528514770673  -0.444970343295  -0.558087415541
 262  -0.269469055072  -0.699960725784  -0.475635830584
 263  -0.346912986443   0.454178843275  -0.679824235208
 264  -0.136701557748  -0.811422376766  -0.334207186055
 265  -0.316564794374   0.265048981503   0.786335679583
 266  -0.106190877442  -0.365177731545   0.802593766827
 267  -0.551068187827   0.124151195272  -0.685345435307
 268  -0.350657656430   0.727685360618   0.369190000605
 269  -0.480639908374   0.722441210209  -0.189346267161
 270  -0.498692747398   0.579759644877   0.451632959915
 271   0.749435765149  -0.304178178173  -0.366891949293
 272   0.732412083573   0.246491126917   0.437724453058
 273  -0.658456851985  -0.550822720294  -0.227633340045
 274   0.454791880230   0.293692269204  -0.704057688904
 275   0.144562920374  -0.806339469039  -0.343083452443
 276  -0.204866168108   0.657316295314  -0.561028674577
 277   0.029510030868   0.802291325265   0.379797077529
 278  -0.585526254333   0.581669109797  -0.328036712599
 279   0.238935100098  -0.843249955863  -0.143622987350
 280  -0.770552099000   0.355164591978  -0.262479728645
 281   0.621355172493   0.178508207779  -0.608966831601
 282   0.086187496553  -0.599353674526  -0.649719109221
 283   0.166914855144  -0.395654608866  -0.777421953789
 284   0.882740423797  -0.097761787298   0.000098774741
 285   0.374088218799  -0.418333673175   0.688362531710
 286  -0.525031747789  -0.034268428000   0.715510566850
 287  -0.520766732197  -0.600002377098  -0.396972531457
 288   0.840098685637  -0.226980398696  -0.177488392908
 289  -0.687093917376  -0.039510620287   0.561363422577
 290   0.402954470676   0.493813927216  -0.618517204665
 291  -0.151777396818   0.098791951993  -0.869477891987
 292  -0.312967279893   0.600536630718   0.574626199802
 293  -0.680577774510  -0.452672916861   0.347403448172
 294   0.400537357429   0.736338579794   0.293535949807
 295  -0.176295166627  -0.123448514036  -0.861666125146
 296   0.761364123814   0.426299517538  -0.165473336019
 297   0.358573384222  -0.742411965754  -0.330208470289
 298  -0.517668578364  -0.590082491017   0.415463511500
 299   0.188587996654   0.867597328250   0.022304173345
 300  -0.170969422983   0.825704510025   0.278871926064
 301  -0.325976256466  -0.704260379335   0.431908359420
 302   0.363275042547  -0.290478384634  -0.756598694250
 303   0.502200272972  -0.507596919554   0.528136616515
 304   0.499895839228   0.695417516880  -0.235131154373
 305  -0.382092981900   0.249111730874  -0.762060582461
 306  -0.887966795621   0.017348675225   0.001423362452
 307   0.614210948616  -0.466631953002  -0.440213088919
 308  -0.605004502904   0.394123422553   0.517130845994
 309   0.241078535600   0.571342660841   0.635796143582
 310   0.040387377160   0.518926966042   0.719633028910
 311   0.467507002500   0.613215987914  -0.440671518705
 312   0.589711329379   0.388508485396  -0.538599793348
 313   0.326686380094  -0.823598448547   0.061234281494
 314   0.010172846607  -0.870443978629  -0.176101748649
 315  -0.817307327241  -0.259884468699  -0.230774410162
 316  -0.515412357404  -0.094420765403  -0.717093336682
 317   0.833371878684   0.220127622218  -0.214063482112
 318   0.236189820303  -0.688092527361  -0.509441925240
 319   0.374452572738   0.801056578644  -0.082955778571
 320   0.515874701017  -0.714549861179   0.109908240628
 321   0.269727281595   0.653983227305  -0.536974081856
 322  -0.357652392302   0.032472790933  -0.812292014455
 323  -0.133227783049   0.510831577053  -0.714205495867
 324  -0.824464817487  -0.261098489076   0.202171650699
 325   0.053443144237   0.681724969444   0.566730031839
 326  -0.747811298981  -0.459969078272   0.134144477214
 327   0.645373860898   0.603108854518  -0.092413861999
 328   0.035867223596   0.390047622770  -0.797097501477
 329  -0.342755558436   0.045142702239   0.818088501455
 330  -0.317185773492  -0.389672067646   0.732350255963
 331  -0.605499928514  -0.614470017976   0.211150340269
 332  -0.432967417800   0.407923897837   0.659488696881
 333  -0.698626385481   0.195332122256  -0.512400788585
 334   0.580524385317   0.463973891212   0.486320572199
 335   0.791258164364  -0.086083216343  -0.394066275910
 336  -0.207342366550  -0.854309292860  -0.126304425039
 337  -0.522500288133   0.717536725906   0.030373154190
 338  -0.151521696612  -0.870503368563   0.089739029383
 339  -0.709942992272  -0.343580042463  -0.408315729261
 340   0.042668217025   0.025899854973   0.886733699250
 341   0.822301768405   0.241579084918   0.232910669628
 342   0.730816052732   0.341677601255  -0.371419367411
 343  -0.359672374039  -0.811424717508   0.031839343394
 344   0.066145548826  -0.884765522675   0.040034595960
 345   0.440612936702  -0.601105857839  -0.483032111044
 346   0.774351893117  -0.433922658556  -0.029636204802
 347  -0.652872421874   0.404129496497  -0.446346259573
 348   0.794384496856   0.035696247932   0.395559201203
 349   0.226444919770  -0.097221401722   0.853263575910
 350   0.865135404080  -0.000934827332  -0.200818055273
 351  -0.509429576782   0.188541429456   0.702653305903
 352  -0.069337650772   0.863724090519  -0.194835875187
 353  -0.675352736931  -0.026479597598  -0.576181867338
 354  -0.781791001774  -0.152285538853   0.392937624591
 355  -0.778352572356   0.424799073424  -0.050010528317
 356   0.298762123133   0.762570129917  -0.343534602854
 357   0.033586837329  -0.795826165036   0.392836698923
 358  -0.379459422136   0.692218575955  -0.406979142798
 359  -0.661221955020   0.498423580308   0.321165834750
 360   0.009852935504  -0.254284401895  -0.850899756277
 361  -0.652695971005  -0.602226374784  -0.009969732535
 362  -0.620502244492  -0.243102692275  -0.587082684302
 363  -0.173550606402  -0.813888251147   0.310248504073
 364   0.402665410255   0.246988300859   0.752093996280
 365  -0.780871896527  -0.123822932361  -0.404592381605
 366   0.018724216068   0.641148931761  -0.614300808767
 367   0.232889611952   0.733722036901   0.442947439127
 368  -0.855992311803   0.218883373994  -0.090306496673
 369   0.563383935483  -0.083693813114   0.681455735543
 370   0.670829985666   0.081953703299   0.576245393443
 371   0.834228951696  -0.279679650599   0.120951981424
 372  -0.049277229109  -0.451450168626  -0.763251290570
 373   0.677136612821  -0.560443154801   0.127190842563
 374   0.297527304572  -0.525956641384  -0.650872604306
 375  -0.533675807195   0.338588339100  -0.623968029676
 376   0.026241099082  -0.196291188500   0.865776649405
 377  -0.484666313836   0.531205177134  -0.521255845662
 378   0.005128058751   0.875344194076   0.150114214943
 379  -0.672405180646   0.570251477049   0.107110030257
 380  -0.856451631448   0.175090729236   0.156913581766
 381   0.205408648519  -0.315408527585   0.804433204472
 382   0.305140839349  -0.600708541267   0.578641814276
 383   0.473836502137   0.075037298135  -0.747419832322
 384  -0.158645850040  -0.070424637390   0.871010847999
 385   0.487640883883  -0.413062603101  -0.616744425920
 386   0.445069091578  -0.758419950540  -0.124501867306
 387   0.687307061249   0.549393515866   0.120680573828
 388   0.621829333463  -0.629264264321  -0.078376005964
 389   0.640406547950  -0.260778781119  -0.557370534994
 390   0.203828987064   0.829783468119   0.242283248877
 391  -0.648839678161   0.595666567825  -0.113914198578
 392  -0.781764506627   0.385560986283   0.170220488347
 393   0.802826911875  -0.195291366373   0.325757984410
 394   0.027275238892  -0.034189240785  -0.887059856929
 395   0.673488782505  -0.036813176835  -0.577793806188
 396  -0.356511127760   0.798159855878   0.156935314273
 397  -0.341735823117  -0.177908381037   0.800220761898
 398   0.249747158134   0.325060515816  -0.787876926099
 399  -0.775552308877  -0.424364212956  -0.084980371707
 400  -0.860573819152  -0.040723583769   0.215736700941
 401   0.398703107844  -0.209736944503   0.765398117664
 402   0.709183721422  -0.130737646335   0.518415036162
 403   0.576059802867   0.280904895437   0.614845977345
 404   0.464152171316  -0.683724679672   0.325378789857
 405  -0.864143282542  -0.204143936447  -0.019226883979
 406  -0.133622762462   0.161592866668   0.863029973646
 407  -0.861271202053  -0.041256357547  -0.212832944098
 408   0.577335934766   0.600095186694   0.308799316632
 409  -0.500095904253  -0.724254444535  -0.118943762923
 410  -0.812983022822   0.145122084827  -0.326781605535
 411  -0.440170985057  -0.304941030190  -0.708553812098
 412  -0.748081579185   0.299075796817   0.373785568556
 413   0.521746669418  -0.141328477743  -0.704694761545
 414  -0.289209491834  -0.575727047086   0.611297202435
 415  -0.280461096568   0.807056304492  -0.242465930205
 416  -0.080076076079  -0.555662336856   0.688197080826
 417  -0.424547771884  -0.743853214427   0.235009824036
 418   0.522411333620   0.715318245894   0.064762938590
 419   0.868301721437   0.028044794256   0.184536290964
 420   0.265303865151  -0.741949337695   0.409771975674
 421  -0.225634280545   0.460153212407   0.725352483398
 422   0.717444431740   0.425723487016   0.304665443702
 423   0.804852312901   0.371897056546   0.051897652826
 424   0.097798204596   0.762902246535  -0.444076238982
 425   0.270886032407   0.064113159426  -0.843385020529
